12.6 102.15
12.6 102.15
12.6 102.15
12.6 102.15
12.6 102.15
12.6 102.15
12.6 102.15
12.6 102.15
12.6 102.15
12.6 102.15
12.6 102.15
12.6 102.15
12.6 102.15
12.6 102.15
12.6 102.15
12.6 102.15
12.6 102.15
12.6 102.15
12.6 102.15
12.6 102.15
12.6 102.15
12.6 102.15
12.6 102.15
12.6 102.15
12.6 102.15
12.6 102.15
12.6 102.15
12.6 102.15
12.6 102.15
12.6 102.15
12.6 102.15
12.6 102.15
12.6 102.15
12.6 102.15
12.6 102.15
18.79027778 98.98166667
18.79027778 98.98166667
18.79027778 98.98166667
18.79027778 98.98166667
18.79027778 98.98166667
18.79027778 98.98166667
18.79027778 98.98166667
18.79027778 98.98166667
18.79027778 98.98166667
18.79027778 98.98166667
18.79027778 98.98166667
18.79027778 98.98166667
18.79027778 98.98166667
18.79027778 98.98166667
18.79027778 98.98166667
18.79027778 98.98166667
18.79027778 98.98166667
18.79027778 98.98166667
18.79027778 98.98166667
18.79027778 98.98166667
18.79027778 98.98166667
18.79027778 98.98166667
18.79027778 98.98166667
18.79027778 98.98166667
18.79027778 98.98166667
12.6 102.15
12.6 102.15
12.6 102.15
12.6 102.15
12.6 102.15
12.6 102.15
12.6 102.15
12.6 102.15
12.6 102.15
12.6 102.15
12.6 102.15
12.6 102.15
12.6 102.15
12.6 102.15
12.6 102.15
12.6 102.15
-15.47 145.25
-15.47 145.25
-16.917 145.767
-16.917 145.767
-15.47 145.25
-15.47 145.25
12.6 102.15
12.6 102.15
12.6 102.15
12.6 102.15
12.6 102.15
12.6 102.15
12.6 102.15
12.6 102.15
12.6 102.15
12.6 102.15
12.6 102.15
-15.767 128.733
-15.767 128.733
-15.767 128.733
-12.467 130.833
-12.467 130.833
-12.467 130.833
-14.467 132.267
-14.467 132.267
-14.467 132.267
-15.767 128.733
-15.767 128.733
-12.467 130.833
-12.467 130.833
-23.383 150.5
-23.383 150.5
-23.383 150.5
-23.383 150.5
-23.383 150.5
-23.383 150.5
-23.383 150.5
-23.383 150.5
-23.383 150.5
-23.383 150.5
-23.383 150.5
-23.383 150.5
-23.383 150.5
-23.383 150.5
-23.383 150.5
-23.383 150.5
-23.383 150.5
-23.383 150.5
-23.383 150.5
-22.917 150.133
-22.917 150.133
-22.917 150.133
-22.917 150.133
-22.917 150.133
-22.917 150.133
-22.917 150.133
-22.917 150.133
-22.917 150.133
-22.917 150.133
-22.917 150.133
-22.917 150.133
-22.917 150.133
-22.917 150.133
-22.917 150.133
-22.917 150.133
-22.917 150.133
-22.917 150.133
-22.917 150.133
-22.917 150.133
-22.917 150.133
-22.917 150.133
-22.917 150.133
-22.917 150.133
-22.917 150.133
-22.917 150.133
-22.917 150.133
-22.917 150.133
-23.85 151.25
-23.85 151.25
-23.85 151.25
-23.85 151.25
-23.85 151.25
-23.85 151.25
-23.85 151.25
-23.85 151.25
-23.85 151.25
-23.85 151.25
-23.85 151.25
-23.85 151.25
-23.85 151.25
-23.85 151.25
-17.4 145.383
-17.4 145.383
-28.083 153.367
-28.083 153.367
-28.083 153.367
-28.083 153.367
-28.117 153.467
-28.117 153.467
-28.117 153.467
-28.117 153.467
-28.117 153.467
-28.117 153.467
-28.117 153.467
-28.117 153.467
-28.117 153.467
-28.117 153.467
-28.117 153.467
-28.117 153.467
-28.117 153.467
-28.117 153.467
-28.117 153.467
-28.117 153.467
-28.117 153.467
-28.117 153.467
-28.117 153.467
-28.117 153.467
-28.117 153.467
-28.117 153.467
-28.117 153.467
-28.117 153.467
-28.117 153.467
-28.117 153.467
-27.233 152.417
-27.233 152.417
-27.233 152.417
-27.233 152.417
-27.233 152.417
-27.233 152.417
-27.633 152.383
-27.633 152.383
-27.633 152.383
-27.633 152.383
-27.633 152.383
-27.633 152.383
-27.633 152.383
-27.633 152.383
-27.633 152.383
-27.633 152.383
-27.633 152.383
-27.633 152.383
-27.633 152.383
-27.633 152.383
-27.633 152.383
-27.633 152.383
-17.4 145.383
-17.4 145.383
-17.4 145.383
-17.4 145.383
-17.4 145.383
-17.4 145.383
-17.4 145.383
-17.4 145.383
-17.4 145.383
-17.4 145.383
-17.4 145.383
-17.4 145.383
-17.4 145.383
-17.4 145.383
-17.4 145.383
