203206 121121 157157 115115 148163 148148 135135 124124 000000 258260 119119 120138 157157
173206 121121 157157 115115 157163 148148 135135 124126 000000 258260 119119 124128 157157
203218 121121 157165 115115 157151 145148 135135 124124 000000 258258 119119 124126 157157
206206 121121 157157 113115 157163 145148 135135 124124 000000 258258 119119 128140 157157
206206 121121 157157 113115 157163 145148 135135 124124 000000 258260 119119 128128 157157
197203 121121 157157 115115 148157 148145 135135 124128 000000 258260 119119 120128 157157
206206 121121 159159 115115 157157 148145 135135 124126 000000 258258 119119 124128 157157
173212 121121 159159 115115 151163 148148 135135 124130 000000 258258 119119 122124 157157
203206 121121 163165 115115 157157 148148 135135 124126 000000 258260 119119 124124 157157
173206 121121 157159 115115 157163 145148 135135 124124 000000 260260 119119 126128 157157
203203 121121 157157 115113 148157 145148 135135 124126 000000 258260 119119 120128 157157
203218 121121 159159 115115 157163 145145 135135 124128 000000 258258 119119 126126 157157
173206 121121 157157 115115 157157 148148 135135 124128 000000 258260 119119 120124 157157
203206 121121 157157 115115 157157 148148 135135 128128 000000 258260 119119 120138 157157
203206 121121 157157 115115 157157 148148 135135 124128 000000 258258 119119 120138 157157
203206 121121 161159 115115 157163 148145 135135 128128 000000 258260 119119 124136 157157
203206 121121 157163 115115 148157 148148 135135 124128 000000 260260 119119 128128 157157
200212 121121 157163 115115 157163 145148 135135 124128 000000 258258 119119 128140 157157
200206 121121 163165 115115 157157 148148 135135 124126 000000 258258 119119 120126 157157
203206 121121 157163 115115 148157 145148 135135 124128 000000 260258 119119 128128 157157
173206 121121 157159 115115 157157 148148 135135 124128 000000 258260 119119 124126 157157
173206 121121 157163 115115 157163 148148 135135 124128 000000 258258 119119 122126 157157
173206 121121 157157 115115 148163 145145 135135 124126 000000 258258 119119 120128 157157
173206 121121 157159 115115 163175 148148 135135 124128 000000 258258 119119 124132 157157
173206 121121 157159 115115 151157 145148 135135 124128 000000 258260 119119 126128 157157
206206 121121 157159 115115 157163 148148 135135 126128 000000 260260 119119 120124 157157
173203 121121 157157 115115 157163 148148 135135 124128 000000 258258 119119 120122 157157
173173 121121 157165 115115 157148 148148 135135 124124 000000 258258 119119 126126 157157
203206 121121 159163 115115 157157 145148 135135 124128 000000 258258 119119 128126 157157
206206 121121 157163 115115 157157 145145 135135 128128 000000 258260 119119 120122 157157
173206 121121 157159 115115 157163 148145 135135 124126 000000 258258 119119 126132 157157
206206 121121 157165 115115 163163 148145 135135 124124 000000 258260 119119 122124 157157
173206 121121 157157 115115 163175 148148 135135 124128 000000 258258 119119 120132 157157
203206 121121 157157 115115 157157 148145 135135 124128 000000 258258 119119 124136 157157
173203 121121 159161 115115 157157 148148 135135 124128 000000 258258 119119 128128 157157
164164 000000 131131 111111 000000 148148 147147 126126 186186 252252 122122 108126 184184
164164 000000 115125 127127 000000 139139 156153 120120 188194 252252 116122 108108 187184
158164 000000 125129 113111 000000 148148 147141 128128 186186 252252 122122 108108 184184
164164 000000 125125 111111 000000 154148 147147 126126 186186 252252 122122 110108 184184
164164 000000 125125 111111 000000 133148 147141 126126 186186 252252 122122 108108 184184
164164 000000 125129 115115 000000 139145 162138 120120 188184 252252 122122 112114 187181
164164 000000 125127 111111 000000 148148 147147 126128 186186 252252 122122 108110 184184
158164 000000 131131 111113 000000 148148 147141 126128 186186 252252 122122 108108 184184
164164 000000 131131 111111 000000 148148 147141 126128 186186 252252 122122 110108 184184
158164 000000 131129 111111 000000 148148 147141 120126 186192 252252 122122 110108 184184
164164 000000 131131 113111 000000 148145 147141 126126 192192 252252 122122 110108 184184
164164 000000 125137 111111 000000 148148 141141 126128 186192 252252 122122 110110 184184
158164 000000 125127 113111 000000 148148 147147 126128 186186 252252 122122 110110 184184
164164 000000 131137 113111 000000 148148 147147 120126 186192 252252 122122 108108 184184
164164 000000 125127 111111 000000 148148 147147 126126 186194 252252 122122 108126 184184
164164 000000 125131 111111 000000 148148 147141 126120 192194 252252 122122 110110 184184
164164 000000 131131 111111 000000 148148 147141 126126 186186 252252 122122 110110 181184
161164 000000 131131 113111 000000 148148 141141 126126 186186 252252 122122 110108 184184
158164 000000 129131 111113 000000 148133 147147 126126 186186 252252 122122 110110 184184
164164 000000 131133 111111 000000 148148 147147 126126 186194 252252 122122 108112 184184
164164 000000 131135 111111 000000 148148 147147 120126 186186 252252 125122 108108 184184
164164 000000 125131 111111 000000 148148 147147 126128 186192 252252 122122 108108 184184
164164 000000 131131 111113 000000 148148 147147 126128 186186 252252 122122 108108 184184
164164 000000 125131 111111 000000 148148 147141 126126 186186 252252 122122 110112 184184
164164 000000 129131 113111 000000 148148 147147 126128 186192 252252 122122 108108 184184
164164 000000 117117 117117 000000 136136 153138 120122 188194 252252 122122 110112 187187
161164 000000 117125 131117 000000 145139 156150 120122 188184 252252 122122 116118 187187
164161 000000 117117 123117 000000 148136 141138 120120 190192 252252 119122 110112 190184
164161 000000 125133 129131 000000 139139 144144 120120 190184 252252 122122 112124 187184
164164 000000 117117 115115 000000 148148 165150 120122 190196 252252 119122 108120 184184
161161 000000 117117 107115 000000 142142 153144 110120 184190 252232 122122 114114 184181
164164 000000 125123 099113 000000 142136 147144 112120 184188 252250 119122 112124 187184
161167 000000 117125 115115 000000 142139 168144 110120 184184 252252 119119 116118 196184
161164 000000 117131 129107 000000 145139 150147 120120 190190 252252 122122 110112 187184
161164 000000 117117 115103 000000 142136 144144 110120 184184 252252 119119 110126 187172
161167 000000 125129 119119 000000 139139 156144 120120 190194 252252 122122 116122 184184
161164 000000 117131 119107 000000 142139 162156 110120 188190 252252 119122 108110 193184
161161 000000 129133 115115 000000 145142 165144 110120 184196 252252 119122 122112 187187
164164 000000 117125 133117 000000 139139 162144 120120 184184 252252 119119 108122 184187
164164 000000 125131 135115 000000 151142 156144 120120 190192 252252 122122 116118 184187
161161 000000 117133 115115 000000 145142 165159 110120 196184 252252 122122 112116 187187
176176 201187 157163 105105 136136 151148 174174 112112 250266 254254 119119 094094 214211
176176 187187 157163 117105 136136 151151 159162 112112 266276 254254 119119 094094 217214
176176 203163 157157 117105 136136 145151 183168 112112 256260 254254 119119 094094 217214
176176 183161 157163 117117 136136 142145 174174 112112 256262 254254 119119 094094 217208
164167 000000 163173 107107 148148 151148 150150 134142 198198 252252 119119 124124 175181
164164 000000 161175 107107 148148 145142 135150 134142 198198 252252 119119 124130 178178
173179 000000 161161 105105 139139 136136 147147 116112 188188 258254 122122 122122 169166
173173 000000 161159 000000 139139 136136 147147 112112 188190 254254 122122 142120 169169
173173 000000 161147 105105 136139 136136 153147 112112 188188 254254 122131 154146 172169
167167 000000 161149 117105 136136 136136 147147 116112 188190 258254 122122 146124 169169
182173 000000 165161 105105 136139 136136 147147 112112 188188 256254 122122 114112 169169
173167 000000 161147 105105 136136 136136 147147 112112 188188 258254 122122 114112 169166
173167 000000 161161 105105 136136 136136 147147 116112 188188 256254 122122 148146 172169
167167 000000 163161 117105 139136 136136 147144 116116 190190 256254 122122 116116 166166
173167 000000 161161 105105 136136 136136 147147 112116 190188 254254 122122 172138 169169
173167 000000 161161 105105 139136 136136 147147 112116 190188 254254 122122 172138 169172
173173 000000 161159 105105 136136 136136 147141 116116 190188 254254 122122 154116 169169
176182 143143 155155 117111 142145 157142 141144 116118 200200 256256 119119 112114 169166
176176 143143 163165 117109 145145 142139 168144 116118 200202 256258 119119 114108 169166
176176 143143 155157 113111 142148 145148 144144 116116 206202 258254 119119 108106 166166
176176 143143 163159 111111 148148 154148 144144 118118 206208 256256 119119 108108 166166
173176 143143 157159 111111 145145 170170 144144 116116 206208 256256 119119 108106 166166
176179 143143 159157 111111 145142 148148 147144 116118 202202 256256 119119 106110 166166
176176 143143 157157 111111 142142 163151 144144 116116 202210 256256 119119 106104 166166
176176 143143 157157 111111 142142 163151 144144 116116 200200 256256 119119 108106 166166
176176 143143 157171 111111 142142 151148 144144 116118 200208 256256 119119 108104 166166
176176 143143 159155 111111 142145 160154 147144 116118 202202 256254 119119 106108 166166
176176 143143 159159 111111 142145 154154 144144 118120 202204 256254 119119 104114 169166
176176 143143 157157 111111 142145 154154 144144 118118 202206 256258 119119 110108 166166
176176 143143 157157 111111 142145 154154 147144 118116 206208 256258 119119 108110 166166
191191 147147 151151 109109 145145 157157 144144 114114 190190 256256 119119 108110 166166
000000 147147 151151 109109 145145 151157 144144 114114 190194 256256 119119 108110 166166
191191 147147 151151 109109 148148 151157 144144 114114 190194 256256 119119 110112 166166
191191 147147 151151 109109 148145 154157 144144 114114 190194 256256 119119 112112 166166
191191 147147 151151 109109 148148 160157 144144 114114 194194 256256 119119 098108 166166
191191 137147 151151 109109 148148 157157 144144 114114 190194 256256 119119 108112 166166
191191 147147 151151 109109 148148 154157 144144 114114 190194 256256 119119 110110 166166
191191 147147 151151 109109 145145 157157 144144 114114 190194 256256 119119 110108 166166
191191 147147 151151 109109 148148 151157 144144 114114 190190 256256 119119 110112 000000
185191 147147 151151 111109 145145 151151 144144 114114 190194 256256 119119 112112 000000
191182 137147 151151 111109 148145 154154 144144 114114 190190 256256 119119 110116 166166
182191 147147 151151 109109 148145 157157 144144 114114 190190 256256 119119 110112 166166
191191 147147 151151 111109 148148 151157 144144 114114 190190 256256 119119 112108 166166
191191 147147 151151 109109 148148 160157 144144 114114 190194 256256 119119 108108 166166
191191 147147 151151 111109 148142 157157 144144 114114 194194 256256 119119 108110 166166
191191 147147 151151 111109 148148 151157 144144 114114 190190 256256 119119 108112 000000
191191 147147 151151 111109 148145 157157 144144 114114 190194 256256 119119 108110 166166
191191 147147 151151 111109 145145 151157 144144 114114 190190 256256 119119 108108 166166
191191 147147 151151 111109 145145 154154 144144 114114 190194 256256 119119 108110 166166
191185 147147 151151 111109 148148 157157 144144 114114 190190 256256 119119 110110 166166
191191 147147 151151 111109 148148 157157 144144 114114 190194 256256 119119 108112 000000
191185 147147 151151 111109 145148 000000 144144 114114 190194 256256 119119 110100 166166
191185 147147 151151 109109 145148 154157 144144 114114 190190 256256 119119 110108 166166
000000 147147 000000 109109 148148 000000 000000 114114 190194 256256 119119 108112 166166
191191 147147 151151 111109 148148 160157 144144 114114 194194 256256 119119 110112 169166
191185 135147 151151 109109 145148 151157 144144 114114 190194 256256 119119 108108 000000
191191 147147 151151 109109 145148 139160 144144 114114 190194 256256 119119 114116 000000
191185 147147 151151 111109 145148 151157 144144 114114 190194 256256 119119 110108 000000
191191 147147 151151 111109 148148 157157 144144 114114 190190 256256 119119 110108 166166
191185 135147 151151 111109 145145 160157 144144 114114 190190 256256 119119 098098 157157
191191 147147 151151 109109 145148 154151 144144 114114 190194 256256 119119 110110 166166
191185 147147 151151 109109 145145 157154 144144 114114 190190 256256 119119 098112 160166
191191 147147 151151 109109 145148 157157 144144 114114 190194 256256 119119 110110 166166
191185 147147 151151 109109 145148 151157 144144 114114 190194 256256 119119 110110 166166
191191 147147 151151 111109 145148 157157 144144 114114 190194 256256 119119 110110 166166
191191 135147 151151 111109 148148 151157 144144 114114 194194 256256 119119 110098 166166
191191 135147 151151 109109 145148 151157 144144 114114 190194 256256 119119 116116 000000
191191 147147 151151 109109 145148 151157 144144 114114 190194 256256 119119 108098 000000
191191 147147 151151 111109 145145 163157 144144 114114 190194 256256 119119 098098 166166
191191 147147 151151 109109 145148 151151 000000 114114 190194 256256 119119 112110 000000
185185 147147 151151 109109 145148 157157 144144 114114 190190 256256 119119 108110 166166
191191 135147 151151 109109 145145 151157 144144 114114 190190 256256 119119 112098 000000
191185 147147 151151 111109 148148 151157 144144 114114 190194 256256 119119 110098 166166
191191 147147 151151 111109 145148 157151 144144 114114 194194 256256 119119 110112 166166
191191 135147 151151 111109 145145 139151 144144 114114 190190 256256 119119 110110 166166
191191 147147 151151 111109 145145 154157 144144 114114 190194 256256 119119 110108 000000
191185 147147 151151 109109 145148 160157 144144 114114 190194 256256 119119 110108 166166
191191 147147 151151 109109 145145 157154 144144 114114 190190 256256 119119 108108 166166
191191 147147 151151 109109 148148 151154 144144 114114 190190 256256 119119 108110 166166
191185 147147 151151 111109 145145 157151 144144 114114 190190 256256 119119 110112 166166
191191 135147 151151 109109 145148 157151 144144 114114 190194 256256 119119 108108 166166
191185 147147 151151 109109 145145 157157 144144 114114 190190 256256 119119 110110 166166
191191 147147 151151 111109 145148 151157 144144 114114 190194 256256 119119 110112 166166
191185 135147 151151 109109 145148 157157 144144 114114 190194 256256 119119 108110 166166
191185 135147 151151 109109 145148 157157 144144 114114 190190 256256 119119 108110 166166
191185 147147 151151 109109 145148 157157 144144 114114 190194 256256 119119 108110 166166
191185 135147 151151 109109 145148 157157 144144 114114 190190 256256 119119 108110 166166
191191 147147 151151 109109 145148 157157 144144 114114 190190 256256 119119 110110 166166
191191 135147 151151 111109 145145 157157 144144 114114 194194 256256 119119 108110 166166
188191 147147 151151 111109 145151 154157 144144 114114 190194 000000 119119 110110 166166
191191 135147 151151 111109 145148 160154 144144 114114 190194 256256 119119 112108 000000
188188 151147 149149 109109 148148 154145 144144 116116 194194 256256 119119 098098 166166
185182 135147 155149 111109 148148 157151 144153 114114 190190 256256 119119 110108 166166
179182 173157 149149 109109 136136 136136 150150 114114 188188 254254 128128 112116 169166
182188 161155 149155 113109 136145 136136 150135 116114 188190 256250 119128 102112 169166
179179 171169 149149 109109 136136 136136 150150 114114 188188 250254 128128 112116 166166
179179 169157 149149 109109 136136 136136 150150 114114 188188 254254 128128 112116 166166
179179 157135 155163 113113 145142 151136 147135 114114 190190 254256 119119 100108 166166
179185 159155 163163 113113 145145 148148 150150 114114 190190 256256 119119 100104 175166
179188 157155 163155 113113 145145 151151 150135 116114 190190 256256 119119 100098 175166
179188 151151 155163 109113 142142 136139 150150 116116 190190 256256 119119 100098 166166
179188 157155 163165 113113 145145 148148 147135 114114 190190 256254 119116 098104 178166
179188 157155 155163 113113 145145 148148 150147 116114 190190 256256 119119 104104 178166
179179 155155 155163 113113 145145 136148 159147 114114 190190 256256 119119 100100 166166
179185 157153 155153 113113 145142 148148 162150 116114 190190 256256 119119 102104 178166
179188 191163 163153 111113 145142 136148 150135 116114 190190 256256 119119 098108 166166
179182 157155 155155 113113 145142 148148 150150 116116 190190 256256 119119 100104 166166
185188 155153 163165 113113 145145 151148 150150 116114 190190 256256 119119 100102 166166
179188 155155 157163 113113 145142 151148 150135 116114 190190 256254 119119 100102 157157
179185 157157 153165 113113 145142 148148 150150 114114 190190 256256 119119 100108 166166
179179 175155 155155 113113 145142 136148 162147 114114 190190 256256 119116 100100 166166
182185 191155 163163 113113 145142 148148 162147 114114 190190 256256 119119 100104 166166
179188 153155 155155 113113 142142 136148 150150 116114 190190 254256 119119 100104 175166
188182 155155 163165 113113 145145 148148 150147 114114 190190 254254 119119 100100 166166
188182 185157 163163 113113 145136 151148 150147 114114 190190 256256 119119 100110 166166
179179 137157 163155 113113 145145 151136 156147 114114 190190 256256 119119 104104 166166
179188 155151 163155 113113 145145 148148 147147 116114 190190 256256 119119 104100 166166
182188 159157 155155 113113 136136 148136 147147 114114 190190 256256 119119 100102 175166
182185 157151 155153 111113 145145 151148 150147 114114 190194 256254 119119 108100 166166
179182 157155 155163 113113 145142 136148 150147 116114 190190 256256 119119 100102 175166
179185 155151 155165 113113 145142 151148 150135 116114 190190 256254 119119 100100 166166
179188 185175 153163 113113 145136 157148 162150 116114 190190 256254 119119 100100 175166
188188 181155 155165 113113 145142 136148 144150 116116 190190 256254 119119 104108 166166
000000 157155 155163 113113 145145 139139 147150 114114 190190 256256 119119 102102 166178
179188 179157 165163 113113 145145 148139 150150 114114 190190 256256 119119 102100 166166
188185 153157 155155 113113 145145 136136 147147 114114 190190 256256 119119 110100 166166
179182 157157 155155 113113 145145 151148 150156 114114 190190 256256 119119 102100 166166
179188 187159 155153 113109 145142 148136 147150 114114 190190 256254 119119 100100 166166
179179 135157 155155 113113 145142 154139 150150 114114 190190 000000 119119 102102 166166
179188 149151 155163 113113 145142 154136 135150 114114 190190 256256 119119 100100 166178
179179 157155 163163 113113 145145 157139 147147 114114 190190 254256 119119 100100 166175
179185 175151 163165 113113 142142 154136 150150 114114 190190 256256 119119 104104 166175
182185 157135 153157 111113 145142 136136 147150 114116 190190 256256 119119 100100 166166
182179 157153 153163 113113 136136 139136 147150 114116 190190 256256 119119 108100 166178
182185 179167 153155 113113 145145 151148 150150 114114 190190 256256 119119 108100 166166
179179 157153 153155 113113 145145 139136 147150 114114 190190 256256 119119 100100 166166
179179 183155 163163 113113 145142 148136 147150 114114 190190 256256 119119 102100 166166
179185 157155 153163 113113 145142 139136 147147 114114 190190 254256 119119 102100 166166
179179 183157 155165 113113 145145 154148 147150 114114 190190 254256 119119 108100 166166
182185 159135 155155 113113 145142 136136 150162 114114 190190 256256 119119 102102 166166
179182 185157 155161 113113 142142 136136 147150 114116 190190 256256 119119 100100 166166
179185 157153 157163 109113 145142 136136 147150 114114 190190 256256 119119 102100 166166
179185 157153 153161 113113 142142 148136 147147 114116 190190 254256 119119 104102 166166
185191 159135 159163 113113 145136 139136 150150 114114 190190 254256 119119 100100 166166
179182 157153 155157 113113 145142 151136 147147 114114 190190 254256 119119 100100 166166
185188 199149 155157 109109 142142 136136 150135 114114 188190 258256 119119 106106 166166
185185 151149 155157 109109 142142 136136 144135 114114 190190 256256 119119 106100 166166
185185 161153 157157 109109 142148 136136 135135 114114 190190 256256 119119 106100 166166
185185 149151 157157 109109 142142 136136 135147 114114 190190 256256 119119 104100 166166
182182 157149 157155 109109 142151 148136 147147 114114 190190 256256 119119 110108 166166
000000 149149 157155 109109 142142 136136 135135 114114 190190 256256 119119 106108 166166
176185 153147 157155 109109 142151 136136 135150 114114 188190 256256 119119 106100 166166
176182 199151 155155 109109 142148 136136 135150 114114 192190 256256 119119 110100 166166
185185 155151 155153 109109 142142 136136 135150 114114 192190 256256 119119 108106 166166
182176 153153 153157 109109 142142 136136 135135 114114 194190 256258 119119 108100 166166
179185 157149 157155 109109 142151 136136 135156 114114 190190 256256 119119 106106 166166
179182 151149 155155 109109 142148 136136 135150 114114 194190 256256 119119 110100 166166
176182 159151 155153 109109 145151 139139 135150 114114 190190 256256 119119 100100 166166
179179 139149 153157 109109 142151 136139 135150 114114 190190 256256 119119 110108 166166
185182 153147 157157 109109 145142 163136 135150 114114 194190 256256 119119 104100 166166

