3 0 0 0 0 0
1 0 0 0 0 0
2 0 0 0 0 0
2 0 0 0 0 0
6 1 0 0 0 0
2 3 0 0 0 0
2 12 0 0 0 0
4 3 0 0 0 0
4 1 0 0 0 0
83 14 0 0 0 0
51 23 0 0 0 0
106 56 7 0 0 0
22 7 3 0 0 0
2 2 2 0 0 0
1 2 1 0 0 0
140 35 212 21 0 0
170 128 96 30 0 0
1 1 8 17 0 0
0.2 0 5 2 0 0
22 6 13 4 0 0
28 1 1 12 0 0
0.2 0.2 1 2 0 0
2 1 9 1 0 0
23 24 126 163 62 0
193 307 805 542 128 0
161 77 205 296 37 0
141 163 53 63 14 0
57 154 248 78 4 0
102 66 58 68 45 0
105 12 40 62 1 0
5 27 78 107 12 0
34 45 165 190 64 0
38 40 91 49 1 0
34 79 289 268 14 0
23 11 140 311 50 0
48 79 152 307 7 0
10 14 8 20 11 0
5 32 6 0 11 0
18 14 17 58 6 0
5 21 81 172 15 0
1 0 0 0.2 2 0
47 14 11 21 51 22
88 53 42 17 0 2
38 48 62 126 50 10
7 42 46 56 66 38
96 160 258 92 12 2
5 4 8 16 55 47
93 58 160 172 202 197
67 70 181 352 146 65
10 29 171 328 204 35
2 0 48 183 268 234
0.2 9 5 13 5 7
6 11 59 102 70 45
4 4 110 284 219 82
0 2 0 0 0 0
0 1 0 0 0 0
0 1 0 0 0 0
0 1 0 0 0 0
0 2 0 0 0 0
0 14 82 0 0 0
0 1 4 0 0 0
0 3 2 0 0 0
0 1 1 0 0 0
0 0.2 2 0.2 0 0
0 2 0.2 0.2 0 0
0 2 1 0 0.2 0
0 1 32 121 20 0
0 5 74 126 24 0
0 1 25 63 122 12
0 2 7 41 74 2
0 9 94 251 98 5
0 0 1 0 0 0
0 0 2 0 0 0
0 0 1 0 0 0
0 0 8 0 0 0
0 0 1 0 0 0
0 0 14 0 0 0
0 0 3 0 0 0
0 0 1 1 0 0
0 0 0.2 5 0 0
0 0 2 2 0 0
0 0 0.2 1 0 0
0 0 22 46 0 0
0 0 12 9 0 0
0 0 2 0 0.2 0
0 0 2 135 58 0
0 0 16 37 15 0
0 0 2 39 157 130
0 0 3 5 14 25
0 0 39 171 58 0
0 0 2 1 12 22
0 0 1 3 5 13
0 0 1 22 18 5
0 0 0.2 1 6 2
0 0 0 10 0 0
0 0 0 4 0 0
0 0 0 1 0 0
0 0 0 2 0 0
0 0 0 1 0 0
0 0 0 0.2 4 0
0 0 0 5 20 0
0 0 0 2 14 0
0 0 0 2 11 0
0 0 0 1 9 7
0 0 0 23 43 22
0 0 0 4 2 5
0 0 0 2 20 13
0 0 0 79 365 253
0 0 0 15 42 22
0 0 0 2 32 13
0 0 0 42 265 308
0 0 0 1 5 10
0 0 0 67 76 10
0 0 0 2 26 7
0 0 0 1 3 7
0 0 0 5 39 25
0 0 0 2 128 254
0 0 0 9 90 200
0 0 0 0 3 0
0 0 0 0 6 0
0 0 0 0 11 0
0 0 0 0 1 0
0 0 0 0 2 0
0 0 0 0 7 2
0 0 0 0 4 10
0 0 0 0 2 38
0 0 0 0 2 13
0 0 0 0 1 7
0 0 0 0 6 18
0 0 0 0 2 5
0 0 0 0 2 7
0 0 0 0 1 2
0 0 0 0 1 7
0 0 0 0 23 10
0 0 0 0 86 242
0 0 0 0 26 42
0 0 0 0 10 2
0 0 0 0 0 2
0 0 0 0 0 2
0 0 0 0 0 2
0 0 0 0 0 15
0 0 0 0 0 25
0 0 0 0 0 5
0 0 0 0 0 2
