40.44911119 -0.346778217
42.5097072 -0.675134834
40.49465003 -0.368581612
40.43929069 -0.311797423
40.43929069 -0.311797423
42.5097072 -0.675134834
42.16259807 0.445800759
42.55149857 0.137687203
42.55149857 0.137687203
42.55149857 0.137687203
42.55149857 0.137687203
40.43929069 -0.311797423
40.43929069 -0.311797423
40.49465003 -0.368581612
40.49465003 -0.368581612
40.49465003 -0.368581612
42.64144192 -0.133564466
42.64144192 -0.133564466
42.64144192 -0.133564466
42.64144192 -0.133564466
42.64144192 -0.133564466
42.40771275 -0.994855279
42.40771275 -0.994855279
40.41256803 -0.324646251
41.99023603 2.203192603
41.8649969 2.337290646
41.8649969 2.337290646
42.16259807 0.445800759
42.16259807 0.445800759
41.84712113 2.36156687
41.84712113 2.36156687
41.8649969 2.337290646
42.40771275 -0.994855279
42.40771275 -0.994855279
42.40771275 -0.994855279
41.58525801 -1.380411575
41.58525801 -1.380411575
41.58525801 -1.380411575
41.58525801 -1.380411575
40.44911119 -0.346778217
40.44911119 -0.346778217
41.58525801 -1.380411575
42.69038656 -1.205510491
42.49934056 0.213084119
42.49934056 0.213084119
42.49934056 0.213084119
42.49934056 0.213084119
42.38273023 -0.631240182
42.38273023 -0.631240182
42.38273023 -0.631240182
42.38273023 -0.631240182
42.38273023 -0.631240182
40.41256803 -0.324646251
40.41256803 -0.324646251
40.41256803 -0.324646251
40.41256803 -0.324646251
41.59103533 1.860179076
41.68108971 1.858591136
41.86677132 2.819255686
41.86677132 2.819255686
41.86677132 2.819255686
41.91134743 1.516883135
41.91134743 1.516883135
41.86423639 2.216808063
42.74264828 -0.617577655
42.73439678 -0.251434938
42.73439678 -0.251434938
42.73439678 -0.251434938
42.73439678 -0.251434938
42.72490754 -0.630470559
42.72490754 -0.630470559
42.72490754 -0.630470559
42.74264828 -0.617577655
42.74264828 -0.617577655
42.74264828 -0.617577655
42.74264828 -0.617577655
42.92510106 -0.733086207
42.92510106 -0.733086207
42.92510106 -0.733086207
42.92510106 -0.733086207
42.92510106 -0.733086207
42.56663216 0.392823374
37.94679317 -2.567498307
37.94679317 -2.567498307
37.94679317 -2.567498307
37.94679317 -2.567498307
37.94679317 -2.567498307
42.38014387 0.509873988
42.38014387 0.509873988
42.38014387 0.509873988
42.56663216 0.392823374
42.56663216 0.392823374
42.49934056 0.213084119
42.49934056 0.213084119
43.00655611 -2.030674212
42.27174045 -2.672585889
42.76747771 -3.110004235
42.61385039 -2.634221959
42.61385039 -2.634221959
42.61385039 -2.634221959
42.61385039 -2.634221959
43.39742594 -3.321062647
43.39742594 -3.321062647
43.39742594 -3.321062647
43.39742594 -3.321062647
43.39742594 -3.321062647
43.43297921 -3.457164094
43.43297921 -3.457164094
43.43297921 -3.457164094
43.43297921 -3.457164094
43.43297921 -3.457164094
43.00655611 -2.030674212
43.00655611 -2.030674212
43.00655611 -2.030674212
42.27174045 -2.672585889
42.27174045 -2.672585889
42.27174045 -2.672585889
42.27174045 -2.672585889
42.76747771 -3.110004235
42.76747771 -3.110004235
42.76747771 -3.110004235
42.76747771 -3.110004235
42.76747771 -3.110004235
35.12475023 -5.151005202
30.7708843 -7.641557682
33.14255099 -5.069183517
32.59111794 -4.53437867
36.91083341 -2.797934232
36.91083341 -2.797934232
37.37963846 -2.841864703
37.37963846 -2.841864703
37.37963846 -2.841864703
37.37963846 -2.841864703
36.67737615 -5.02560762
36.67737615 -5.02560762
36.67737615 -5.02560762
36.67737615 -5.02560762
42.44520976 -6.604568518
42.44520976 -6.604568518
42.44520976 -6.604568518
40.39324012 -0.678849289
40.39324012 -0.678849289
40.39324012 -0.678849289
40.39324012 -0.678849289
40.39324012 -0.678849289
42.98192467 -5.121827519
42.98192467 -5.121827519
42.98192467 -5.121827519
42.98192467 -5.121827519
42.94279642 -4.77729132
42.94279642 -4.77729132
42.94279642 -4.77729132
41.6878049 -5.43919982
41.6878049 -5.43919982
41.6878049 -5.43919982
40.39276265 -0.655302921
40.39276265 -0.655302921
40.39276265 -0.655302921
40.39276265 -0.655302921
40.40054899 -0.596119198
40.40054899 -0.596119198
40.40054899 -0.596119198
41.72913781 -5.176262143
41.72913781 -5.176262143
41.72959264 -5.152231484
41.72959264 -5.152231484
41.72959264 -5.152231484
41.72959264 -5.152231484
41.025034 -5.676219086
41.025034 -5.676219086
41.025034 -5.676219086
41.025034 -5.676219086
40.78606502 -5.488838987
40.78606502 -5.488838987
40.78606502 -5.488838987
41.64432232 -5.365516783
41.64432232 -5.365516783
41.45926529 -3.730404866
41.45926529 -3.730404866
41.45926529 -3.730404866
41.477849 -3.634795831
41.477849 -3.634795831
41.477849 -3.634795831
41.477849 -3.634795831
41.477849 -3.634795831
42.31884119 0.196800786
42.31884119 0.196800786
42.31884119 0.196800786
42.31884119 0.196800786
42.40938872 0.217072713
42.40938872 0.217072713
42.40938872 0.217072713
41.99015136 2.191120918
41.99015136 2.191120918
41.99015136 2.191120918
41.88224842 2.216588135
41.88224842 2.216588135
41.88224842 2.216588135
41.88224842 2.216588135
41.88224842 2.216588135
41.88224842 2.216588135
41.88224842 2.216588135
41.88224842 2.216588135
42.3873816 -1.420688433
42.3873816 -1.420688433
42.3873816 -1.420688433
42.3873816 -1.420688433
